Working, check this for correctness in the mean time
**OX***************
*XOX***************
*XOXXX*************
*X*OOOX************
***XXX*************
*******************
*******************
*******************
*******************
*******************
*******************
*******************
*******************
*******************
*******************
*******************
*******************
*******************
*******************


Results of random play
XXOX*X***X*X*O**XXO
XX*XX*XOO**XX***O**
XX*XXXXXXOOOO*X****
*XX*OXX*OX*O**XOXOX
*OOXXXO**O***OOX***
X****XX*O**OOX*OX*X
*O****XOX*****XX*O*
X**O**X**OXOX***OX*
O***OOO*O*X******XX
*X*X*XX*X****X*OXXO
X*XXOO*******O***OO
*OOOOX*O**O****XXOX
XXO***O*OOX*X******
O**XX**O**XOX***O**
*X*X*X**XX**O**O*X*
O*OX*XO*XO*****OX*O
O*O*OXXX*O*OO**X***
*OX*OX**OOO*OO*OXO*
***XXX****OO*O****O

Benson's pass alive stones
XX*X*X*************
XX*XX*X************
XX*XXXXXX**********
*XX**XX************
***XXX*************
*****XX************
******X************
******X************
*******************
*******************
*******************
*******************
*******************
*******************
*******************
*********O*********
*********O*OO******
********OOO*OO*****
**********OO*O*****

Initial State
 128  128    0  128    0  128    0    0    0    0    0    0    0    0    0    0    0    0    0 
 128  128    0  128  128    0  128    0    0    0    0    0    0    0    0    0    0    0    0 
 128  128    0  128  128  128  128  128  128    0    0    0    0    0    0    0    0    0    0 
   0  128  128    0    0  128  128    0    0    0    0    0    0    0    0    0    0    0    0 
   0    0    0  128  128  128    0    0    0    0    0    0    0    0    0    0    0    0    0 
   0    0    0    0    0  128  128    0    0    0    0    0    0    0    0    0    0    0    0 
   0    0    0    0    0    0  128    0    0    0    0    0    0    0    0    0    0    0    0 
   0    0    0    0    0    0  128    0    0    0    0    0    0    0    0    0    0    0    0 
   0    0    0    0    0    0    0    0    0    0    0    0    0    0    0    0    0    0    0 
   0    0    0    0    0    0    0    0    0    0    0    0    0    0    0    0    0    0    0 
   0    0    0    0    0    0    0    0    0    0    0    0    0    0    0    0    0    0    0 
   0    0    0    0    0    0    0    0    0    0    0    0    0    0    0    0    0    0    0 
   0    0    0    0    0    0    0    0    0    0    0    0    0    0    0    0    0    0    0 
   0    0    0    0    0    0    0    0    0    0    0    0    0    0    0    0    0    0    0 
   0    0    0    0    0    0    0    0    0    0    0    0    0    0    0    0    0    0    0 
   0    0    0    0    0    0    0    0    0 -128    0    0    0    0    0    0    0    0    0 
   0    0    0    0    0    0    0    0    0 -128    0 -128 -128    0    0    0    0    0    0 
   0    0    0    0    0    0    0    0 -128 -128 -128    0 -128 -128    0    0    0    0    0 
   0    0    0    0    0    0    0    0    0    0 -128 -128    0 -128    0    0    0    0    0 

After 5 dilations
 138  142   14  141   15  140   13   11    9    7    4    2    0    0    0    0    0    0    0 
 143  147   18  147  146   20  145   17   15   12    8    4    2    0    0    0    0    0    0 
 142  147   19  146  147  147  148  146  145   14   10    6    2    1    0    0    0    0    0 
  13  146  145   19   19  147  146   17   15   12    8    4    2    0    0    0    0    0    0 
  10   15   17  145  146  147   18   15   12    9    5    2    0    0    0    0    0    0    0 
   7   11   13   15   17  146  146   15   12    8    4    1    0    0    0    0    0    0    0 
   4    7    9   11   14   17  146   16   12    8    4    1    0    0    0    0    0    0    0 
   2    3    5    8   11   15  145   15   11    7    3    1    0    0    0    0    0    0    0 
   0    1    2    4    8   12   14   12    8    4    2    0    0    0    0    0    0    0    0 
   0    0    0    2    4    8   10    8    4    2    0    0    0    0    0    0    0    0    0 
   0    0    0    0    2    4    6    4    2   -1    0    0    0    0    0    0    0    0    0 
   0    0    0    0    0    2    2    2   -2   -2   -2   -1   -1    0    0    0    0    0    0 
   0    0    0    0    0    0    1   -2   -4   -6   -5   -4   -3   -2    0    0    0    0    0 
   0    0    0    0    0    0   -2   -4   -8  -10   -9   -8   -7   -4   -2    0    0    0    0 
   0    0    0    0    0   -2   -4   -8  -12  -14  -13  -12  -11   -8   -4   -2    0    0    0 
   0    0    0    0   -1   -3   -7  -11  -15 -145  -16  -16  -15  -12   -8   -4   -2    0    0 
   0    0    0    0   -2   -5   -9  -13  -17 -146  -19 -145 -146  -16  -12   -8   -4   -2    0 
   0    0    0   -1   -2   -6  -10  -14 -145 -147 -146  -20 -146 -146  -15  -11   -7   -3   -1 
   0    0    0    0   -2   -4   -7  -10  -12  -14 -142 -141  -15 -141  -12   -9   -6   -3   -1 

After 21 Erosions
 138  142   14  141   15  140   13   11    1    0    0    0    0    0    0    0    0    0    0 
 143  147   18  147  146   20  145   17   11    0    0    0    0    0    0    0    0    0    0 
 142  147   19  146  147  147  148  146  145    0    0    0    0    0    0    0    0    0    0 
  13  146  145   19   19  147  146   17   12    0    0    0    0    0    0    0    0    0    0 
   2   10   16  145  146  147   18   15    5    0    0    0    0    0    0    0    0    0    0 
   0    0    0    9   17  146  146   15    0    0    0    0    0    0    0    0    0    0    0 
   0    0    0    0    2   17  146   13    0    0    0    0    0    0    0    0    0    0    0 
   0    0    0    0    0    1  141    0    0    0    0    0    0    0    0    0    0    0    0 
   0    0    0    0    0    0    0    0    0    0    0    0    0    0    0    0    0    0    0 
   0    0    0    0    0    0    0    0    0    0    0    0    0    0    0    0    0    0    0 
   0    0    0    0    0    0    0    0    0    0    0    0    0    0    0    0    0    0    0 
   0    0    0    0    0    0    0    0    0    0    0    0    0    0    0    0    0    0    0 
   0    0    0    0    0    0    0    0    0    0    0    0    0    0    0    0    0    0    0 
   0    0    0    0    0    0    0    0    0    0    0    0    0    0    0    0    0    0    0 
   0    0    0    0    0    0    0    0    0    0   -1    0    0    0    0    0    0    0    0 
   0    0    0    0    0    0    0    0    0 -144  -16  -13    0    0    0    0    0    0    0 
   0    0    0    0    0    0    0    0  -15 -146  -19 -145 -146    0    0    0    0    0    0 
   0    0    0    0    0    0    0   -5 -145 -147 -146  -20 -146 -146    0    0    0    0    0 
   0    0    0    0    0    0    0   -2  -12  -14 -142 -141  -15 -141   -7    0    0    0    0 

**OX***************
*XOX***************
*XOXXX*************
*X*OOOX************
***XXX*************
*******************
*******************
*******************
*******************
*******************
*******************
*******************
*******************
*******************
*******************
*******************
*******************
*******************
*******************

